object_id,timestep,labelimage_oid,User Label,Predicted Class,Probability of Cells,Probability of Junk,Size in pixels,Principal components of the object_0,Principal components of the object_1,Principal components of the object_2,Principal components of the object_3,Principal components of the object_4,Principal components of the object_5,Principal components of the object_6,Principal components of the object_7,Principal components of the object_8,Maximum intensity_0,Maximum intensity_1,Maximum intensity_2,Skewness of Intensity_0,Skewness of Intensity_1,Skewness of Intensity_2,Variance of Intensity_0,Variance of Intensity_1,Variance of Intensity_2,Minimum intensity_0,Minimum intensity_1,Minimum intensity_2,Radii of the object_0,Radii of the object_1,Radii of the object_2,Mean Intensity_0,Mean Intensity_1,Mean Intensity_2,Total Intensity_0,Total Intensity_1,Total Intensity_2,Covariance of Channel Intensity_0,Covariance of Channel Intensity_1,Covariance of Channel Intensity_2,Covariance of Channel Intensity_3,Covariance of Channel Intensity_4,Covariance of Channel Intensity_5,Covariance of Channel Intensity_6,Covariance of Channel Intensity_7,Covariance of Channel Intensity_8,Bounding Box Minimum_0,Bounding Box Minimum_1,Bounding Box Minimum_2,Bounding Box Maximum_0,Bounding Box Maximum_1,Bounding Box Maximum_2,Center of the object_0,Center of the object_1,Center of the object_2
0,0,1,0,Junk,0.48,0.52,1114.0,-0.9866377,0.16292493,-0.0012140828,-0.16292536,-0.98663837,0.0002551944,0.0011562832,-0.0004495893,-0.9999992,27449.0,17785.0,7943.0,-0.88917375,0.99586344,1.222776,12737002.0,1440066.5,1940167.6,13288.0,9682.0,1507.0,6.67939,4.6053247,0.8160737,21945.055,12389.536,3265.561,24446792.0,13801943.0,3637835.0,12737002.0,-1864655.5,-3080459.8,-1864655.5,1440066.5,897812.06,-3080459.8,897812.06,1940167.6,215.0,0.0,0.0,241.0,19.0,3.0,226.24506,8.321364,0.994614
1,0,2,0,Cells,0.6,0.4,786.0,0.99998146,-0.0059675206,0.0012286206,0.00596661,0.99998194,0.0007439629,0.0012330381,0.0007366184,-0.999999,25679.0,16173.0,12124.0,-1.199757,1.0165144,1.1393808,9225247.0,1176678.6,8680602.0,12613.0,9299.0,1635.0,5.319295,3.96442,0.8156774,20712.15,11559.61,4482.5,16279750.0,9085854.0,3523245.0,9225247.0,-1898749.9,-7690267.0,-1898749.9,1176678.6,2243975.8,-7690267.0,2243975.8,8680602.0,138.0,163.0,0.0,159.0,179.0,3.0,147.9084,169.95801,0.9961832
2,0,3,0,Cells,0.58,0.42,397.0,-0.8915791,-0.45286497,-0.0002624317,0.4528649,-0.8915791,0.00035730496,0.00039578954,-0.00019971952,-0.9999999,23347.0,16789.0,10568.0,-1.3401364,1.2585719,1.2497647,8372777.5,1280002.0,4048420.5,12694.0,9031.0,1538.0,3.9240305,2.7253857,0.81545043,20348.746,11473.635,3751.3855,8078452.0,4555033.0,1489300.0,8372777.5,-1481738.9,-5291648.0,-1481738.9,1280002.0,1142231.5,-5291648.0,1142231.5,4048420.5,189.0,196.0,0.0,204.0,209.0,3.0,195.58942,201.76323,0.9949622
3,0,4,0,Cells,0.61,0.39,1244.0,-0.9963685,-0.08514574,5.6514607e-05,-0.08514576,0.99636847,-0.00029582105,-3.1121468e-05,-0.00029955877,-0.99999994,27251.0,17617.0,11264.0,-0.8378515,0.7322217,0.74127054,10649126.0,1786773.4,6995422.0,13064.0,9715.0,1624.0,6.6280546,5.0060277,0.8163276,21165.479,12312.268,4687.352,26329856.0,15316461.0,5831066.0,10649126.0,-2246442.5,-6788347.5,-2246442.5,1786773.4,2597781.2,-6788347.5,2597781.2,6995422.0,163.0,204.0,0.0,190.0,225.0,3.0,176.18568,213.63826,1.0024116
4,1,1,0,Cells,0.55,0.45,1118.0,-0.05019395,-0.99873936,-0.00054014847,0.99873924,-0.050193552,-0.0007306223,-0.0007025893,0.0005761403,-0.9999996,27644.0,17428.0,12450.0,-0.77092767,0.9933369,0.6901461,10450447.0,1915342.4,10002517.0,13042.0,8848.0,1682.0,5.808834,5.184927,0.81629425,20985.736,11740.596,5281.917,23462052.0,13125986.0,5905183.0,10450447.0,-2564631.0,-8232817.5,-2564631.0,1915342.4,3470966.0,-8232817.5,3470966.0,10002517.0,67.0,126.0,0.0,88.0,150.0,3.0,77.47943,137.06798,0.99731666
5,1,2,0,Cells,0.86,0.14,398.0,0.6995912,-0.71454304,0.00054812344,0.71454316,0.69959134,1.1305636e-05,0.00039154076,-0.00038374853,-0.9999998,24093.0,13605.0,10462.0,-1.111688,0.77017105,1.0561857,9377084.0,555246.6,4998783.0,12749.0,8993.0,1794.0,4.4260974,2.419776,0.812706,20112.867,10611.784,4337.922,8004921.0,4223490.0,1726493.0,9377084.0,-1113933.2,-6142188.5,-1113933.2,555246.6,879299.4,-6142188.5,879299.4,4998783.0,43.0,150.0,0.0,58.0,165.0,3.0,49.947235,157.50754,0.98241204
6,1,3,0,Cells,0.8,0.2,325.0,-0.025526077,0.9996332,0.009047906,0.99967206,0.025506454,0.00227769,0.0020460747,0.009103079,-0.9999565,23746.0,13603.0,8676.0,-1.1915673,0.6226244,1.1200142,8673503.0,569177.4,3275431.0,12989.0,8882.0,1925.0,3.7658029,2.292544,0.81476223,20313.08,10763.572,3798.9507,6601751.0,3498161.0,1234659.0,8673503.0,-909897.25,-4803935.0,-909897.25,569177.4,728308.8,-4803935.0,728308.8,3275431.0,39.0,165.0,0.0,48.0,180.0,3.0,43.05846,172.05539,0.9815385
7,1,4,0,Cells,0.69,0.31,2095.0,-0.66178805,-0.74969095,0.00023251725,0.74969095,-0.6617881,-4.8311373e-05,-0.00019009574,-0.00014234419,-1.0,30946.0,15424.0,13497.0,-0.40976068,0.7330509,0.7047256,12717714.0,1076515.5,8247476.0,12273.0,8689.0,1697.0,10.895547,5.4128532,0.81657976,21066.426,11143.775,5336.282,44134160.0,23346210.0,11179511.0,12717714.0,-1537752.6,-6997938.0,-1537752.6,1076515.5,1772964.9,-6997938.0,1772964.9,8247476.0,9.0,175.0,0.0,41.0,214.0,3.0,24.279236,192.8229,0.99570405
8,1,5,0,Cells,0.66,0.34,700.0,-0.25269854,0.9675448,0.00075023883,0.96754503,0.2526983,0.00039320346,0.00019085789,0.0008252518,-0.99999964,27729.0,15294.0,10079.0,-0.99129987,0.75917614,1.0505537,11049096.0,1254749.9,3551156.2,12598.0,8757.0,1861.0,5.494885,3.4403393,0.8167816,21683.648,11382.6045,4096.259,15178554.0,7967823.0,2867381.0,11049096.0,-2052931.1,-4649144.5,-2052931.1,1254749.9,1669327.0,-4649144.5,1669327.0,3551156.2,243.0,175.0,0.0,257.0,196.0,3.0,250.24571,185.44714,0.99857146
9,2,1,0,Cells,0.56,0.44,1288.0,-0.9757346,-0.21895649,0.00020000777,-0.2189565,0.9757332,-0.0016538554,0.00016696815,-0.001657517,-0.9999986,28801.0,19576.0,15192.0,-0.68726623,1.0811521,0.86679673,13542605.0,1775121.2,11884581.0,13098.0,8911.0,1601.0,6.5845118,5.246942,0.8170475,21758.14,11590.445,5283.871,28024484.0,14928493.0,6805626.0,13542605.0,-2785703.2,-10418748.0,-2785703.2,1775121.2,3519181.2,-10418748.0,3519181.2,11884581.0,166.0,17.0,0.0,192.0,38.0,3.0,178.15994,27.60326,0.992236
10,2,2,0,Cells,0.51,0.49,1273.0,0.7416187,-0.67082125,0.0007553946,0.6708213,0.741619,0.00021838074,0.0007067094,-0.00034477955,-0.9999997,27186.0,23015.0,11368.0,-0.7933258,1.7000401,0.9283559,9577697.0,1778515.2,6483766.5,14283.0,8817.0,1579.0,7.574452,4.6064467,0.81662863,21386.15,11314.749,4375.489,27224568.0,14403676.0,5569997.0,9577697.0,-2197278.0,-6216694.5,-2197278.0,1778515.2,2426608.5,-6216694.5,2426608.5,6483766.5,203.0,30.0,0.0,230.0,57.0,3.0,216.7769,42.306362,0.9960723
11,2,3,0,Cells,0.67,0.33,596.0,-0.97436666,0.2249569,-0.0020026239,0.2249658,0.97433186,-0.008237888,9.805047e-05,-0.0084772445,-0.99996406,26999.0,15757.0,9431.0,-0.9973703,0.9416314,1.104359,10476666.0,723732.1,3759604.0,13007.0,8995.0,1730.0,5.9016776,2.9225366,0.812709,21097.006,10867.787,3927.916,12573816.0,6477201.0,2341038.0,10476666.0,-1382710.1,-5281763.0,-1382710.1,723732.1,999006.2,-5281763.0,999006.2,3759604.0,167.0,37.0,0.0,189.0,50.0,3.0,176.45134,42.172817,1.0033557
12,2,4,0,Cells,0.81,0.19,539.0,-0.6437767,0.76520246,-0.004088078,0.7652131,0.64376223,-0.0043739644,-0.0007152183,-0.005944107,-0.99998206,24881.0,14338.0,10856.0,-1.2642208,0.66893613,1.2783887,7802894.0,670451.2,4381314.5,13004.0,8739.0,1745.0,4.5229073,3.189048,0.81580245,20635.416,10846.18,4070.6829,11122489.0,5846091.0,2194098.0,7802894.0,-852115.3,-4952234.5,-852115.3,670451.2,831370.1,-4952234.5,831370.1,4381314.5,47.0,45.0,0.0,63.0,62.0,3.0,54.230057,52.794064,0.987013
13,2,5,0,Cells,0.85,0.15,359.0,0.40489754,-0.9143608,-0.0014985575,0.9143593,0.4048998,-0.0018069275,-0.0022589494,0.0006385994,-0.99999726,23384.0,13330.0,9230.0,-1.1691718,0.6756842,1.0122942,8671915.0,483101.38,4091993.0,12991.0,8832.0,1810.0,4.2415714,2.26698,0.8157536,19944.432,10329.663,4091.2703,7160051.0,3708349.0,1468766.0,8671915.0,-794260.56,-5375594.0,-794260.56,483101.38,613694.56,-5375594.0,613694.56,4091993.0,45.0,216.0,0.0,57.0,232.0,3.0,50.874653,222.91365,0.9860724
14,3,1,0,Cells,0.93,0.07,173.0,0.9999162,0.012317234,0.003980047,-0.012338832,0.99990904,0.0054484433,0.003912575,0.0054970956,-0.99997723,23602.0,12168.0,9165.0,-0.74756086,0.11988683,0.55070466,9498825.0,296989.53,3546862.8,11812.0,9015.0,2315.0,2.6067452,1.7935287,0.8151905,19210.463,10574.723,5021.786,3323410.0,1829427.0,868769.0,9498825.0,-138532.14,-4762597.5,-138532.14,296989.53,269400.84,-4762597.5,269400.84,3546862.8,0.0,18.0,0.0,10.0,25.0,3.0,4.1791906,21.375723,0.99421966
15,3,2,0,Junk,0.36,0.64,648.0,0.16192842,-0.9867621,0.00893104,-0.9868022,-0.16192837,0.00073174667,0.0007241289,-0.00893166,-0.9999598,34581.0,17972.0,24352.0,0.50871694,0.34212056,0.119007275,19356726.0,3756311.0,41661892.0,14828.0,9720.0,2691.0,7.1342936,2.8822913,0.8151478,23736.477,13139.912,12236.659,15381237.0,8514663.0,7929355.0,19356726.0,598850.7,-2105919.0,598850.7,3756311.0,11343729.0,-2105919.0,11343729.0,41661892.0,0.0,25.0,0.0,12.0,53.0,3.0,4.1774693,35.36574,1.0046296
16,3,3,0,Cells,0.52,0.48,3282.0,-0.26343188,-0.9646779,-0.0005058089,0.964678,-0.26343194,3.895887e-05,0.00017082898,0.0004776797,-0.9999999,36283.0,20017.0,24951.0,0.26092553,0.47736278,0.3405419,20234452.0,3871576.2,37329000.0,13539.0,9105.0,2588.0,16.557007,5.563625,0.81648177,22867.95,12984.196,10918.727,75052610.0,42614132.0,35835260.0,20234452.0,-704451.1,-6900275.0,-704451.1,3871576.2,10612601.0,-6900275.0,10612601.0,37329000.0,0.0,26.0,0.0,29.0,91.0,3.0,11.580439,57.139854,0.99695307
17,4,1,0,Cells,0.58,0.42,1888.0,-0.19075957,0.98163664,-0.00056812644,0.98163676,0.19075944,-0.00026471206,-0.00015147557,-0.00060819014,-0.9999998,29893.0,16444.0,17258.0,-0.49592128,0.7131286,1.0344082,13762738.0,1112190.0,11420507.0,12847.0,8581.0,1832.0,7.818983,6.4342294,0.81625926,21880.164,11274.573,5654.5996,41309748.0,21286394.0,10675884.0,13762738.0,-1413421.1,-7678504.5,-1413421.1,1112190.0,2550240.0,-7678504.5,2550240.0,11420507.0,51.0,63.0,0.0,78.0,94.0,3.0,63.9232,78.26271,0.9957627
18,4,2,0,Cells,0.91,0.09,293.0,-0.928805,-0.37056807,-0.00080158724,0.3705584,-0.9287927,0.0055249096,0.0027918636,-0.0048345285,-0.99998444,23914.0,13115.0,10994.0,-0.77884436,0.3238671,0.8204907,9878310.0,480394.1,5369653.0,13120.0,8563.0,1907.0,3.762018,2.0947194,0.8155033,19646.256,10495.847,4791.2695,5756353.0,3075283.0,1403842.0,9878310.0,-961783.1,-6634648.0,-961783.1,480394.1,706568.56,-6634648.0,706568.56,5369653.0,73.0,99.0,0.0,87.0,110.0,3.0,79.34129,104.59727,0.98293513
19,4,3,0,Cells,0.77,0.23,1509.0,-0.31347844,-0.9495952,0.0003904776,-0.9495953,0.31347835,-0.0003065387,0.00016868144,-0.00046688897,-0.9999999,26553.0,14994.0,11286.0,-0.8216096,0.7734451,0.8221527,10933126.0,794842.6,6473311.5,12780.0,8690.0,1914.0,8.079323,5.1699095,0.81647474,20976.352,10937.781,4834.8887,31653316.0,16505112.0,7295847.0,10933126.0,-1153886.2,-6712552.5,-1153886.2,794842.6,1301188.9,-6712552.5,1301188.9,6473311.5,56.0,102.0,0.0,78.0,135.0,3.0,66.66004,118.203445,0.99469846
20,4,4,0,Cells,0.87,0.13,538.0,-0.8652905,0.5012644,0.002508255,0.50127053,0.86527616,0.0050038537,0.00033792038,0.0055871014,-0.9999843,24233.0,13030.0,9955.0,-0.9239991,0.7183664,0.7904572,10348641.0,564081.5,4483223.5,13247.0,9158.0,1945.0,6.466463,2.2638004,0.8167688,20113.883,10586.747,4579.9834,10821269.0,5695670.0,2464031.0,10348641.0,-1008601.3,-6023391.5,-1008601.3,564081.5,826376.6,-6023391.5,826376.6,4483223.5,39.0,142.0,0.0,62.0,157.0,3.0,49.414497,148.44795,0.9944238
21,4,5,0,Cells,0.59,0.41,2953.0,-0.99760187,0.069213614,1.5992158e-05,0.069213614,0.99760175,0.00044412535,1.4785715e-05,0.00044416715,-0.9999999,28317.0,14915.0,21930.0,0.794321,0.6298342,0.9448311,4310691.0,516551.1,2914211.2,16540.0,8683.0,2182.0,10.182787,7.802623,0.816296,20445.03,10570.208,6261.6294,60374172.0,31213824.0,18490592.0,4310691.0,-12989.069,-874515.9,-12989.069,516551.1,396191.53,-874515.9,396191.53,2914211.2,165.0,144.0,0.0,207.0,176.0,3.0,185.78496,158.64645,0.9905181
22,4,6,0,Cells,0.84,0.16,251.0,-0.88368994,-0.46795693,0.010413742,0.46797264,-0.8837424,-0.0010243615,-0.009682422,-0.0039681285,-0.9999452,23919.0,13774.0,10038.0,-1.0707548,0.8274846,1.1171508,8280714.0,515748.2,4391884.5,13478.0,8972.0,1792.0,3.2154632,2.1097517,0.81718117,20083.004,10449.299,4132.4424,5040834.0,2622774.0,1037243.0,8280714.0,-819466.0,-5600427.0,-819466.0,515748.2,558238.1,-5600427.0,558238.1,4391884.5,209.0,159.0,0.0,222.0,169.0,3.0,215.42232,163.88844,0.9760956
23,4,7,0,Cells,0.61,0.39,1664.0,0.8551237,-0.5184234,-0.00077061035,0.5184234,0.85512406,-0.0002785144,-0.0008033558,0.00016133813,-0.99999964,31294.0,18658.0,13996.0,-0.65399367,1.1893933,0.8354828,11567401.0,1471904.8,9941250.0,12421.0,8551.0,1804.0,7.255612,6.294155,0.8167172,21873.197,11220.057,5370.3306,36397000.0,18670176.0,8936230.0,11567401.0,-1934986.4,-7513243.5,-1934986.4,1471904.8,2793615.0,-7513243.5,2793615.0,9941250.0,186.0,171.0,0.0,215.0,198.0,3.0,198.79086,184.73016,0.99759614
24,4,8,0,Cells,0.93,0.07,418.0,-0.9457989,-0.32475153,-0.0009405356,-0.32475144,0.945782,0.0057411324,-0.00097489986,0.005735397,-0.9999831,23882.0,14063.0,12947.0,-1.2746702,0.943415,1.2519408,8386558.0,508570.44,6480087.5,12788.0,8561.0,1791.0,4.371425,2.5506725,0.816825,20146.426,10325.345,4344.933,8421206.0,4315994.0,1816182.0,8386558.0,-885207.44,-6587220.0,-885207.44,508570.44,803820.2,-6587220.0,803820.2,6480087.5,87.0,199.0,0.0,104.0,211.0,3.0,94.854065,204.55981,0.99282295
25,4,9,0,Cells,0.84,0.16,208.0,-0.7787075,0.6273789,0.0032201684,0.62735605,0.7786074,0.013959107,0.006250402,0.012890253,-0.99989736,22695.0,11377.0,10704.0,-0.34629992,0.084203444,0.55655277,5869235.0,313245.9,6402817.0,15132.0,8025.0,1946.0,2.739936,2.0472145,0.8193857,19317.885,9887.283,5210.6875,4018120.0,2056555.0,1083823.0,5869235.0,-141641.25,-5720769.5,-141641.25,313245.9,133198.66,-5720769.5,133198.66,6402817.0,26.0,225.0,0.0,37.0,235.0,3.0,31.0,229.15384,0.97115386
26,4,10,0,Cells,0.7,0.3,946.0,0.10205181,-0.99477834,-0.0012395486,0.99477804,0.10204983,0.001568361,0.0014336758,0.0013931298,-0.999998,25697.0,16014.0,11312.0,-0.96955824,1.1370296,0.8872511,7946001.5,892040.25,5711945.0,13558.0,8968.0,1780.0,6.1103854,4.403693,0.8153149,21087.623,10892.158,4638.1196,19948892.0,10303982.0,4387661.0,7946001.5,-1334269.8,-5507395.0,-1334269.8,892040.25,1322024.0,-5507395.0,1322024.0,5711945.0,173.0,234.0,0.0,192.0,257.0,3.0,181.36046,246.57083,0.99260044
27,5,1,0,Cells,0.87,0.13,219.0,0.6940463,-0.71992886,-0.0014440006,0.7198975,0.69403243,-0.008161923,-0.0068781874,-0.0046252203,-0.99996567,22850.0,11847.0,9896.0,-1.082303,0.22949591,1.0597491,8509557.0,345593.44,4207237.0,12739.0,8288.0,1750.0,2.5346582,2.3121657,0.8162173,19757.512,9895.959,4062.3333,4326895.0,2167215.0,889651.0,8509557.0,-580223.56,-5468658.5,-580223.56,345593.44,458783.34,-5468658.5,458783.34,4207237.0,0.0,146.0,0.0,9.0,156.0,3.0,3.803653,150.76712,1.0091324
28,5,2,0,Cells,0.89,0.11,914.0,-0.7337492,-0.67942023,-0.00048152014,0.67942023,-0.73374933,0.0002375864,0.0005147361,0.00015282568,-0.9999999,26917.0,16724.0,10725.0,-0.65158075,1.4374986,0.56580204,12353871.0,628204.75,5470270.5,12774.0,8163.0,1844.0,6.821231,3.7019367,0.8155482,20516.232,10322.033,4928.211,18751836.0,9434338.0,4504385.0,12353871.0,-995576.94,-6750353.0,-995576.94,628204.75,968406.9,-6750353.0,968406.9,5470270.5,0.0,185.0,0.0,23.0,206.0,3.0,11.491247,195.54048,0.99124724
29,5,3,0,Cells,0.91,0.09,546.0,-0.019614572,-0.9998066,0.0014305433,0.99980736,-0.019615615,-0.00071875687,-0.00074667885,-0.0014161696,-0.9999987,24382.0,11849.0,11632.0,-1.0002258,0.3418171,0.9788983,10382181.0,376423.94,7733392.0,13032.0,8431.0,1832.0,4.5022755,3.2307518,0.81646967,20395.771,9901.621,4703.7124,11136091.0,5406285.0,2568227.0,10382181.0,-901314.6,-8328432.5,-901314.6,376423.94,871503.44,-8328432.5,871503.44,7733392.0,13.0,201.0,0.0,26.0,219.0,3.0,19.35531,209.07875,0.996337
30,6,1,0,Cells,0.87,0.13,2222.0,-0.53961766,-0.8419102,-0.000101933045,0.8419101,-0.53961766,0.0003814659,0.0003761649,-0.00012002728,-0.99999994,28140.0,18729.0,12475.0,-0.47812846,1.1928259,0.45525676,10732662.0,667476.1,5254008.5,13701.0,8740.0,1730.0,8.983798,7.1640654,0.81608146,21280.834,10733.517,5223.0605,47286016.0,23849874.0,11605640.0,10732662.0,-837517.06,-5445522.5,-837517.06,667476.1,815378.94,-5445522.5,815378.94,5254008.5,161.0,0.0,0.0,193.0,35.0,3.0,177.68182,17.145365,0.9918992
31,6,2,0,Cells,0.9,0.1,865.0,-0.037107512,-0.9993037,0.0038906347,0.999311,-0.037110392,-0.00067066017,-0.00081457617,-0.0038630674,-0.9999922,25416.0,13624.0,9427.0,-0.678631,0.7449646,0.62146354,10038838.0,557060.4,3973558.0,13451.0,8410.0,1890.0,8.232613,3.116901,0.8157539,20408.73,10280.56,4454.466,17653552.0,8892684.0,3853113.0,10038838.0,-952891.0,-5551331.0,-952891.0,557060.4,724458.56,-5551331.0,724458.56,3973558.0,166.0,37.0,0.0,180.0,69.0,3.0,172.78381,52.276302,0.983815
32,6,3,0,Cells,0.79,0.21,867.0,0.22592331,-0.9741445,0.001061165,0.97414446,0.22592425,0.00087592535,0.0010930208,-0.00083583605,-0.99999905,26647.0,14512.0,11186.0,-1.0500787,0.87001985,0.850598,10052494.0,696937.4,5325264.0,12695.0,7951.0,1767.0,5.817528,4.034733,0.81713176,21035.66,10447.134,4357.166,18237918.0,9057665.0,3777663.0,10052494.0,-1069585.2,-6028998.0,-1069585.2,696937.4,1117533.8,-6028998.0,1117533.8,5325264.0,130.0,51.0,0.0,147.0,74.0,3.0,137.30334,62.72434,0.9919262
33,6,4,0,Cells,0.88,0.12,720.0,-0.09519747,-0.99545753,-0.0013437971,0.9954583,-0.09519682,-0.00053808914,-0.00040771966,0.0013889187,-0.9999989,24378.0,13476.0,9504.0,-0.80717194,0.73947275,0.6276088,10863556.0,560051.2,4160709.2,12881.0,8778.0,1619.0,8.121813,2.687137,0.8162506,19993.268,10523.073,4502.49,14395152.0,7576613.0,3241793.0,10863556.0,-1006403.06,-5856744.5,-1006403.06,560051.2,782571.9,-5856744.5,782571.9,4160709.2,50.0,75.0,0.0,63.0,105.0,3.0,55.45,88.16389,0.98055553
34,6,5,0,Cells,0.94,0.06,683.0,-0.9999559,-0.009388767,0.00030728456,-0.009389025,0.99995553,-0.00084765797,-0.00029931247,-0.00085050566,-0.9999996,24499.0,13602.0,10993.0,-0.86915773,0.49404556,0.8121265,9944247.0,485279.4,4632506.5,13148.0,8504.0,1622.0,5.615767,3.601781,0.8161892,20231.295,10322.3545,4501.912,13817974.0,7050168.0,3074806.0,9944247.0,-833557.1,-5893513.5,-833557.1,485279.4,740285.44,-5893513.5,740285.44,4632506.5,28.0,105.0,0.0,49.0,120.0,3.0,38.377747,111.91069,0.9985359
35,6,6,0,Cells,0.74,0.26,241.0,0.5635272,-0.82609403,0.002398794,0.82609385,0.5635137,-0.004615263,-0.002460888,-0.0045824554,-0.99998647,23093.0,14522.0,9417.0,-1.1509925,1.2902318,1.0128075,9276900.0,671658.44,4134132.0,11981.0,8529.0,1634.0,3.0157228,2.131113,0.81716734,19605.742,10136.8545,4033.8423,4724984.0,2442982.0,972156.0,9276900.0,-1397357.2,-5725774.5,-1397357.2,671658.44,1048074.4,-5725774.5,1048074.4,4134132.0,136.0,138.0,0.0,146.0,150.0,3.0,140.57262,143.15353,0.98755187
36,6,7,0,Cells,0.85,0.15,255.0,0.8896415,0.45665962,0.0,0.45665962,-0.8896415,0.0,0.0,0.0,1.0,22993.0,11790.0,9572.0,-1.2066686,0.35767463,1.1557095,6908942.0,391818.53,4136224.8,12768.0,8502.0,1630.0,3.0354354,2.2412245,0.8164966,19848.682,9999.267,3812.6746,5061414.0,2549813.0,972232.0,6908942.0,-659995.44,-4818212.5,-659995.44,391818.53,618364.7,-4818212.5,618364.7,4136224.8,181.0,148.0,0.0,193.0,158.0,3.0,186.56471,152.50589,1.0
37,6,8,0,Junk,0.34,0.66,298.0,0.018995656,-0.99981886,0.0011679758,0.9997965,0.018987272,-0.006811909,-0.0067884987,-0.0012971349,-0.9999761,28782.0,14939.0,9943.0,-1.4686391,-1.7139211,0.55358326,69492750.0,14299354.0,6315480.0,0.0,0.0,0.0,3.0246484,2.6720777,0.8188768,18275.328,8647.832,3609.5671,5446048.0,2577054.0,1075651.0,69492750.0,28248762.0,8225416.5,28248762.0,14299354.0,6675273.0,8225416.5,6675273.0,6315480.0,229.0,164.0,0.0,240.0,177.0,3.0,234.54362,170.20134,0.98657715
38,7,1,0,Cells,0.92,0.08,650.0,-0.6202132,0.78442,0.0045601213,0.78443325,0.6202041,0.0033769778,-0.00017923694,0.005671557,-0.9999839,25178.0,11787.0,11385.0,-0.9180347,0.3031605,0.80183446,9731433.0,334652.6,6491552.0,13634.0,8373.0,1609.0,6.0963197,2.943881,0.81682134,20843.18,9909.858,4585.6323,13548067.0,6441408.0,2980661.0,9731433.0,-400446.6,-6837442.0,-400446.6,334652.6,380136.72,-6837442.0,380136.72,6491552.0,212.0,2.0,0.0,230.0,24.0,3.0,220.37692,12.695385,0.9846154
39,7,2,0,Cells,0.88,0.12,332.0,-0.064625144,-0.9979007,0.004208795,0.99788857,-0.06465059,-0.006219176,-0.0064782216,-0.003797993,-0.9999718,25464.0,12340.0,10075.0,-0.80927706,0.013234133,0.6154314,10726002.0,464476.97,4947903.5,13496.0,8303.0,1657.0,3.9288204,2.3762586,0.8190046,20851.582,10446.774,4503.1177,6922725.0,3468329.0,1495035.0,10726002.0,-582778.44,-5588898.5,-582778.44,464476.97,687066.6,-5588898.5,687066.6,4947903.5,248.0,67.0,0.0,257.0,83.0,3.0,252.66264,74.343376,0.98493975
40,7,3,0,Cells,0.79,0.21,826.0,-0.5952626,-0.8035286,-0.0020681832,0.8035311,-0.5952621,-0.0009093552,0.0005004181,0.0022031544,-0.99999744,26461.0,13689.0,11406.0,-0.671431,0.53965694,0.5668149,11809082.0,551549.4,6938868.5,14100.0,8464.0,1591.0,7.002126,3.2813225,0.81595033,21319.365,10466.534,4998.6973,17609796.0,8645357.0,4128924.0,11809082.0,-1226213.0,-7774983.0,-1226213.0,551549.4,1121126.0,-7774983.0,1121126.0,6938868.5,238.0,81.0,0.0,257.0,105.0,3.0,247.91768,93.469734,1.0048426
41,7,4,0,Cells,0.93,0.07,303.0,0.09873833,0.99511343,0.0,-0.99511343,0.09873833,0.0,0.0,-0.0,1.0,25456.0,12701.0,10215.0,-0.7078781,0.5372238,0.52796704,11753409.0,462995.53,5519099.0,12652.0,8752.0,1802.0,3.795799,2.164608,0.8164966,19876.941,10262.066,4970.383,6022713.0,3109406.0,1506026.0,11753409.0,-856016.94,-7013038.0,-856016.94,462995.53,730223.75,-7013038.0,730223.75,5519099.0,248.0,97.0,0.0,257.0,112.0,3.0,252.75247,103.9406,1.0
42,7,5,0,Cells,0.92,0.08,466.0,-0.6010465,-0.79921395,0.00045216206,0.79921377,-0.6010458,0.001138106,0.00063782005,-0.0010454288,-0.9999992,23721.0,12198.0,9803.0,-0.81482077,0.4884138,0.7065129,9764823.0,365721.4,4823049.0,13219.0,8268.0,1705.0,5.8776836,2.1954563,0.81692046,19746.48,9750.303,4387.4165,9201860.0,4543641.0,2044536.0,9764823.0,-689668.3,-6134576.5,-689668.3,365721.4,502710.6,-6134576.5,502710.6,4823049.0,172.0,125.0,0.0,188.0,145.0,3.0,179.56438,134.26395,0.99785405
43,7,6,0,Cells,0.74,0.26,1220.0,-0.14651293,0.98920816,0.0011001972,0.98920876,0.1465127,0.00028277608,0.00011853152,0.001129755,-0.99999934,27912.0,13311.0,16170.0,-0.77235705,0.5306443,0.9029078,12016627.0,626262.3,13986641.0,12457.0,8121.0,1579.0,6.180584,5.2899823,0.8168029,21241.309,10330.66,5436.063,25914396.0,12603405.0,6631997.0,12016627.0,-1288722.5,-10732956.0,-1288722.5,626262.3,1892254.4,-10732956.0,1892254.4,13986641.0,150.0,155.0,0.0,172.0,180.0,3.0,160.36229,166.97131,0.9967213
44,7,7,0,Cells,0.94,0.06,118.0,-0.85104644,-0.5250219,-0.008483972,-0.52498484,0.85044,0.033803605,-0.010532523,0.033222392,-0.9993925,23494.0,11224.0,9921.0,-0.16848956,0.16152573,0.23928559,11308790.0,342063.66,4354183.0,12335.0,8468.0,2388.0,2.1971786,1.4293679,0.8214902,18079.508,9909.229,5601.22,2133382.0,1169289.0,660944.0,11308790.0,-504072.84,-6403853.5,-504072.84,342063.66,265909.97,-6403853.5,265909.97,4354183.0,8.0,185.0,0.0,17.0,192.0,3.0,11.644068,188.0678,0.9661017
45,7,8,0,Cells,0.91,0.09,875.0,0.5158796,-0.8566609,0.0005909631,0.8566611,0.5158796,-0.00014566342,0.00018008164,-0.0005813999,-0.9999998,25990.0,13353.0,11796.0,-0.83003604,0.55898386,0.78219384,11215090.0,435992.47,7186909.5,12851.0,8240.0,1734.0,6.8584185,3.6180842,0.81625897,20465.424,10037.7705,4799.369,17907244.0,8783049.0,4199448.0,11215090.0,-661581.25,-7873791.0,-661581.25,435992.47,691450.5,-7873791.0,691450.5,7186909.5,0.0,207.0,0.0,19.0,232.0,3.0,9.184,218.99886,0.99885714
46,8,1,0,Cells,0.78,0.22,999.0,0.7495926,-0.6618994,-0.00031625075,0.66189635,0.7495905,-0.0027072788,-0.0020290047,-0.0018200311,-0.9999963,34568.0,13327.0,11785.0,-0.47530904,0.6356881,1.4065849,11341262.0,612458.8,5955216.5,13318.0,8490.0,1344.0,5.953597,4.508655,0.8162487,21975.666,10356.05,3771.806,21953690.0,10345694.0,3768034.0,11341262.0,-1307176.8,-6417218.0,-1307176.8,612458.8,1221044.4,-6417218.0,1221044.4,5955216.5,87.0,10.0,0.0,108.0,32.0,3.0,97.77277,19.11011,0.985986
47,8,2,0,Cells,0.83,0.17,554.0,-0.8762677,-0.48179007,-0.005774498,0.48180783,-0.8762743,-0.0021438105,0.0040271776,0.0046607503,-0.99998105,25922.0,14059.0,9358.0,-0.73538435,0.74866754,0.61671406,11903115.0,642299.3,4156301.5,13497.0,8894.0,1831.0,6.0935597,2.8118417,0.8132108,20786.066,10743.543,4499.6733,11515481.0,5951923.0,2492819.0,11903115.0,-1028747.0,-5762961.5,-1028747.0,642299.3,740844.9,-5762961.5,740844.9,4156301.5,75.0,182.0,0.0,97.0,198.0,3.0,85.15343,189.61914,0.9801444
48,8,3,0,Cells,0.56,0.44,1637.0,-0.79608744,0.60518056,-0.0011172015,0.6051814,0.79608417,-0.0023556477,-0.00053620583,-0.002551411,-0.9999966,29229.0,17160.0,15182.0,-0.33122906,0.76098347,0.8104278,15222693.0,1309792.6,8931885.0,13115.0,8483.0,1762.0,7.8817973,5.6324553,0.8165967,21424.305,11287.76,5683.239,35071588.0,18478062.0,9303462.0,15222693.0,-1577042.4,-8345297.0,-1577042.4,1309792.6,2235352.0,-8345297.0,2235352.0,8931885.0,71.0,192.0,0.0,101.0,219.0,3.0,86.81979,204.989,1.004887
49,8,4,0,Cells,0.88,0.12,324.0,0.7582255,-0.65186995,-0.012634354,0.65194774,0.758258,0.0029915755,-0.0076299817,0.010505227,-0.9999157,25817.0,13769.0,8536.0,-0.9678964,0.5885461,1.05883,9610532.0,549574.3,3052747.8,13391.0,8714.0,1755.0,3.4239154,2.5948725,0.8192583,20730.037,10643.111,3793.392,6716532.0,3448368.0,1229059.0,9610532.0,-947247.75,-4684936.5,-947247.75,549574.3,725379.2,-4684936.5,725379.2,3052747.8,64.0,196.0,0.0,77.0,208.0,3.0,70.30556,201.13889,0.9814815
50,8,5,0,Cells,0.8,0.2,695.0,-0.8114096,-0.58447605,0.0015034953,0.5844759,-0.81141084,-0.0005890464,-0.0015642359,-0.00040079886,-0.9999987,25338.0,14329.0,11095.0,-1.0899692,0.8657084,1.0045443,9934111.0,678881.94,5620739.5,13031.0,8532.0,1619.0,5.353025,3.5626166,0.81609756,20673.207,10473.105,4297.886,14367879.0,7278808.0,2987031.0,9934111.0,-1239981.1,-6513104.0,-1239981.1,678881.94,1119033.9,-6513104.0,1119033.9,5620739.5,130.0,199.0,0.0,149.0,217.0,3.0,138.94965,207.27626,0.98992807
51,8,6,0,Cells,0.82,0.18,431.0,-0.25931174,0.96578974,-0.002762315,0.96579367,0.2593101,-0.00094435964,-0.00019575666,-0.0029127097,-0.99999577,24029.0,14972.0,10306.0,-1.2342193,1.1051418,1.1816697,8994246.0,694333.1,5045523.0,12669.0,8572.0,1717.0,4.1324267,2.804643,0.8145092,20555.758,10438.113,4025.9119,8859532.0,4498827.0,1735168.0,8994246.0,-1145178.4,-6075633.5,-1145178.4,694333.1,948972.0,-6075633.5,948972.0,5045523.0,119.0,209.0,0.0,131.0,225.0,3.0,124.65662,216.32947,0.99071926
52,8,7,0,Cells,0.8,0.2,230.0,0.3879938,-0.92165583,0.003358141,0.9216512,0.38796908,-0.0062492127,-0.0044567687,-0.005519691,-0.99997485,23308.0,13670.0,9277.0,-1.1103673,0.8367844,0.98019016,8291902.5,624684.94,3885531.5,13414.0,8698.0,1985.0,3.1477923,1.9556328,0.81449753,19807.691,10336.426,4107.513,4555769.0,2377378.0,944728.0,8291902.5,-862647.7,-5280536.5,-862647.7,624684.94,709581.06,-5280536.5,709581.06,3885531.5,65.0,227.0,0.0,74.0,240.0,3.0,68.891304,232.85652,0.96086955
53,8,8,0,Cells,0.85,0.15,1307.0,-0.807209,-0.5902649,-0.0009691537,-0.5902657,0.8072077,0.0014583161,-7.848447e-05,0.001749224,-0.99999845,27854.0,14090.0,11255.0,-0.86130965,0.4553223,0.89589626,10168536.0,590289.1,3724612.0,13515.0,8738.0,1596.0,9.949784,3.99513,0.8158067,21426.371,10628.649,3905.7283,28004268.0,13891645.0,5104787.0,10168536.0,-1058880.9,-4294439.0,-1058880.9,590289.1,914856.06,-4294439.0,914856.06,3724612.0,202.0,232.0,0.0,237.0,257.0,3.0,219.55011,245.91814,0.9923489
54,8,9,0,Cells,0.94,0.06,239.0,-0.9928225,-0.11957413,-0.0023364322,-0.11959362,0.99275124,0.011929094,0.000893085,0.012122896,-0.9999261,24110.0,12036.0,9000.0,-0.81311417,0.38953575,0.7730775,11556005.0,393265.75,3808325.8,13171.0,8392.0,1803.0,3.6798995,1.7768606,0.8179304,20245.598,10015.339,4101.2217,4838698.0,2393666.0,980192.0,11556005.0,-680227.06,-6101278.0,-680227.06,393265.75,498096.88,-6101278.0,498096.88,3808325.8,199.0,250.0,0.0,213.0,257.0,3.0,205.20502,253.41423,0.9916318
55,9,1,0,Cells,0.75,0.25,1653.0,-0.77015877,0.6378522,0.0001582059,0.6378522,0.77015877,0.00026534166,4.7405098e-05,0.0003052672,-0.99999994,30477.0,14123.0,12468.0,-0.40827346,0.7294784,0.7250046,13739580.0,822140.7,7696773.0,13106.0,8166.0,1538.0,8.74342,5.341625,0.81684715,21469.953,10406.037,4978.9536,35489830.0,17201180.0,8230210.0,13739580.0,-1459726.0,-7265138.5,-1459726.0,822140.7,1768038.5,-7265138.5,1768038.5,7696773.0,183.0,113.0,0.0,214.0,142.0,3.0,196.93285,126.84634,0.99455535
56,9,2,0,Cells,0.89,0.11,309.0,0.1273809,-0.99185383,-0.00031655587,0.99185383,0.12738082,0.00027395846,0.00023140358,0.00034887425,-0.99999994,24080.0,11637.0,9541.0,-0.63199,0.13815469,0.6508764,11094884.0,265808.2,3379281.8,13116.0,8326.0,1953.0,3.9031372,2.255124,0.81647015,19711.922,9786.78,4324.9517,6090984.0,3024115.0,1336410.0,11094884.0,-514224.8,-5434800.0,-514224.8,265808.2,324097.97,-5434800.0,324097.97,3379281.8,171.0,119.0,0.0,181.0,134.0,3.0,175.6699,126.45307,1.0064725
57,9,3,0,Cells,0.78,0.22,272.0,0.9516591,0.30712366,-0.0044777323,-0.30714172,0.9516548,-0.004130671,-0.0029926286,-0.005306289,-0.99998146,23410.0,14490.0,8350.0,-1.010904,1.2531232,0.8194075,8243084.0,710719.56,3456500.0,13032.0,8498.0,1586.0,3.5572758,2.0465105,0.815412,19661.445,10204.573,3912.3125,5347913.0,2775644.0,1064149.0,8243084.0,-1285595.4,-4844894.0,-1285595.4,710719.56,904063.9,-4844894.0,904063.9,3456500.0,163.0,138.0,0.0,177.0,148.0,3.0,169.43015,142.23161,0.9816176
58,9,4,0,Cells,0.74,0.26,434.0,0.4847634,-0.8746435,0.0017676016,0.87464494,0.48476413,-3.523347e-05,0.0008260531,-0.0015631036,-0.99999845,23857.0,14018.0,10260.0,-1.1801869,1.2828617,1.1150354,8929010.0,828965.4,5452381.5,12935.0,7989.0,1612.0,4.5013423,2.5959888,0.8160056,20504.445,10185.685,4067.3135,8898929.0,4420587.0,1765214.0,8929010.0,-1348807.1,-6309789.5,-1348807.1,828965.4,1222727.0,-6309789.5,1222727.0,5452381.5,168.0,169.0,0.0,182.0,185.0,3.0,175.00922,176.14746,0.99769586
59,9,5,0,Cells,0.82,0.18,1028.0,0.4114415,-0.9114359,-0.00070213573,0.91143495,0.4114396,0.0019352537,0.0014749732,0.0014361948,-0.99999785,26257.0,13538.0,9125.0,-0.9066923,0.6984809,0.87290424,12373202.0,535243.9,3518915.0,12785.0,8506.0,1444.0,7.2185664,4.5249133,0.8154946,20679.344,10160.884,3936.679,21258364.0,10445389.0,4046906.0,12373202.0,-1058933.9,-5755567.5,-1058933.9,535243.9,709750.4,-5755567.5,709750.4,3518915.0,15.0,171.0,0.0,37.0,197.0,3.0,25.031128,184.79475,0.98638135
60,9,6,0,Cells,0.74,0.26,1251.0,-0.8360147,-0.54870665,0.00064690574,-0.54870695,0.8360147,-0.00039257685,-0.00032541316,-0.00068316166,-0.9999997,27083.0,14756.0,13348.0,-1.007624,1.0426805,1.1358175,12038149.0,893571.5,8041525.5,12350.0,8363.0,1613.0,6.653983,5.296985,0.8164797,21617.172,10399.751,4540.428,27043082.0,13010089.0,5680076.0,12038149.0,-1901005.5,-8000381.0,-1901005.5,893571.5,1907183.5,-8000381.0,1907183.5,8041525.5,194.0,194.0,0.0,219.0,218.0,3.0,206.92166,204.29257,0.99680257
61,9,7,0,Cells,0.9,0.1,481.0,0.54612976,-0.83769405,0.0033075176,0.8376994,0.5461314,-0.00047716819,0.0014066183,-0.0030313013,-0.9999944,24026.0,13268.0,9231.0,-0.8961591,0.64979815,0.8123541,10143331.0,469182.7,3380080.8,12723.0,8549.0,1683.0,5.519419,2.5392945,0.8168284,20177.28,10066.149,4026.4656,9705271.0,4841818.0,1936730.0,10143331.0,-796878.44,-5285029.5,-796878.44,469182.7,526633.44,-5285029.5,526633.44,3380080.8,204.0,217.0,0.0,220.0,237.0,3.0,212.69023,225.42827,0.99376297
62,10,1,0,Cells,0.91,0.09,653.0,0.5090674,-0.8607266,-0.00021136503,0.86072564,0.50906724,-0.0013780862,-0.0012937544,-0.00051961147,-0.99999905,26647.0,12775.0,10460.0,-0.6528705,0.44706494,0.49352658,11470493.0,440167.28,4470113.0,13463.0,8038.0,1679.0,5.264137,3.3569584,0.8170691,20689.031,10201.183,4940.899,13509938.0,6661372.0,3226407.0,11470493.0,-748206.8,-5431004.0,-748206.8,440167.28,545522.25,-5431004.0,545522.25,4470113.0,35.0,0.0,0.0,51.0,19.0,3.0,43.116386,7.875957,0.99387443
63,10,2,0,Cells,0.87,0.13,513.0,0.9981244,-0.061216548,-0.0004130844,0.0612163,0.99812436,-0.00059019664,-0.0004484394,-0.0005638022,-0.99999976,26456.0,12869.0,9304.0,-1.1599956,0.4133115,1.0808305,8957750.0,545181.4,3295116.0,13686.0,8673.0,1682.0,5.05639,2.877013,0.8164548,21675.232,10408.585,3768.9414,11119394.0,5339604.0,1933467.0,8957750.0,-832936.25,-3964007.0,-832936.25,545181.4,791021.44,-3964007.0,791021.44,3295116.0,213.0,0.0,0.0,233.0,11.0,3.0,222.6043,4.1130605,0.99220276
64,10,3,0,Cells,0.92,0.08,152.0,-0.9952966,0.09628078,0.01071122,0.095779546,0.9945896,-0.040221207,0.014525797,0.039006114,0.9991334,23719.0,11148.0,9242.0,-0.48618987,0.07679232,0.42813817,11190893.0,297743.7,3597396.0,12830.0,8005.0,2480.0,2.552499,1.6076727,0.8119277,19408.322,9775.414,5135.9805,2950065.0,1485863.0,780669.0,11190893.0,-336310.5,-5579701.5,-336310.5,297743.7,253435.97,-5579701.5,253435.97,3597396.0,0.0,42.0,0.0,10.0,49.0,3.0,4.0460525,45.11842,0.96710527
65,10,4,0,Cells,0.65,0.35,798.0,-0.86058605,0.50930464,-0.00067476905,0.50930464,0.8605829,-0.0024259635,-0.00065485976,-0.0024314134,-0.99999684,26156.0,14423.0,13097.0,-0.9391113,0.88932574,0.73818165,10011977.0,959234.6,9391209.0,13590.0,8161.0,1653.0,4.719205,4.50884,0.8156278,20886.74,10517.101,5057.6655,16667619.0,8392646.0,4036017.0,10011977.0,-1891968.5,-8312846.5,-1891968.5,959234.6,2227541.5,-8312846.5,2227541.5,9391209.0,159.0,69.0,0.0,178.0,88.0,3.0,168.2569,77.68296,0.99373436
66,10,5,0,Cells,0.83,0.17,1075.0,0.59481984,-0.8038585,-0.00092216936,-0.803859,-0.5948198,-0.00035616575,-0.00026221774,0.0009531486,-0.9999995,26698.0,13846.0,13632.0,-0.8647294,0.73615825,0.9612424,10905088.0,662856.1,8130893.0,12872.0,8555.0,1519.0,6.929889,4.1969886,0.81721044,21193.057,10374.209,4804.7935,22782536.0,11152275.0,5165153.0,10905088.0,-1499886.4,-8034557.5,-1499886.4,662856.1,1548336.5,-8034557.5,1548336.5,8130893.0,13.0,81.0,0.0,36.0,106.0,3.0,24.137674,93.05023,0.9925581
67,10,6,0,Cells,0.84,0.16,287.0,0.7805348,-0.62508035,0.006323566,0.6250974,0.7805461,-0.0009858268,0.0043196143,-0.004722317,-0.9999795,23488.0,12768.0,8583.0,-1.025428,0.66111493,1.0265745,8860392.0,594565.5,3407776.2,12491.0,8746.0,1529.0,3.6580224,2.1066294,0.81760263,19793.836,10259.857,3708.46,5680831.0,2944579.0,1064328.0,8860392.0,-1149358.5,-4953493.5,-1149358.5,594565.5,851818.7,-4953493.5,851818.7,3407776.2,166.0,94.0,0.0,179.0,106.0,3.0,172.62369,99.21603,0.9860627
68,10,7,0,Junk,0.35,0.65,1008.0,-0.18754221,0.9822547,0.0019114692,0.98225653,0.18754199,0.00029777372,-6.59911e-05,0.0019333982,-0.99999815,29784.0,13451.0,13847.0,-1.8194765,-2.1698422,0.9450619,60080204.0,11583843.0,7971287.5,0.0,0.0,0.0,6.6511207,4.082106,0.8163417,19926.285,9225.345,3746.1458,20085696.0,9299147.0,3776115.0,60080204.0,22770306.0,4560576.0,22770306.0,11583843.0,5763326.0,4560576.0,5763326.0,7971287.5,223.0,94.0,0.0,241.0,122.0,3.0,232.2262,108.78571,0.9861111
69,10,8,0,Junk,0.35,0.65,536.0,0.12619127,-0.9920049,-0.0014479642,0.9920052,0.12618929,0.0013897165,0.0011958879,0.0016117581,-0.999998,30414.0,13477.0,11800.0,-1.6539859,-1.8029343,0.8986387,69457420.0,13732884.0,6768270.5,0.0,0.0,0.0,4.7955084,2.9849703,0.81714857,19242.29,8764.494,3425.7576,10313867.0,4697769.0,1836206.0,69457420.0,28290252.0,8701203.0,28290252.0,13732884.0,6348903.5,8701203.0,6348903.5,6768270.5,228.0,160.0,0.0,240.0,180.0,3.0,233.95709,169.18283,0.98880595
70,10,9,0,Cells,0.87,0.13,374.0,-0.9538795,-0.30018955,-0.0003565858,-0.30018964,0.9538774,0.002012637,-0.00026403344,0.0020268564,-0.9999979,24010.0,12787.0,11833.0,-1.3835382,0.92501307,1.3107142,7700312.5,508576.6,6880767.5,13064.0,8321.0,1744.0,3.83419,2.5995107,0.8159303,20595.506,9935.163,4170.1147,7702719.0,3715751.0,1559623.0,7700312.5,-1034526.4,-6587834.0,-1034526.4,508576.6,1167077.0,-6587834.0,1167077.0,6880767.5,207.0,176.0,0.0,222.0,187.0,3.0,213.93582,180.82086,0.9973262
71,11,1,0,Cells,0.86,0.14,371.0,0.249986,-0.96824634,0.0024500357,0.9682455,0.24997696,-0.003484409,-0.002761314,-0.0032432894,-0.99999094,26655.0,12516.0,10521.0,-0.9430967,0.34666866,0.8805968,9119987.0,486201.88,6553713.0,13129.0,8463.0,1446.0,3.983673,2.584092,0.81583196,20648.992,10237.073,4285.6523,7660776.0,3797954.0,1589977.0,9119987.0,-728131.25,-5740168.5,-728131.25,486201.88,1042668.94,-5740168.5,1042668.94,6553713.0,247.0,75.0,0.0,257.0,91.0,3.0,252.11052,82.11051,0.99730456
72,11,2,0,Cells,0.9,0.1,665.0,-0.9341934,0.3567655,-0.0010655399,-0.35676643,-0.9341932,0.00086124765,0.00068815664,-0.0011847207,-0.99999905,25790.0,12965.0,11833.0,-0.9289572,0.71317446,0.7602601,10585584.0,490733.25,8888632.0,13247.0,8374.0,1515.0,5.0685477,3.484173,0.8170876,20642.92,9948.966,4781.663,13727542.0,6616062.0,3179806.0,10585584.0,-857315.44,-8402598.0,-857315.44,490733.25,1076831.1,-8402598.0,1076831.1,8888632.0,168.0,100.0,0.0,188.0,115.0,3.0,177.0391,107.17895,0.99699247
73,11,3,0,Cells,0.87,0.13,307.0,-0.99851614,0.05443439,0.0015366359,-0.054437604,-0.9985149,-0.0021347138,-0.001418152,0.0022151968,-0.99999654,25999.0,11654.0,7854.0,-0.9352431,0.23011273,0.58143413,8870656.0,342023.7,3223616.8,14085.0,8440.0,1480.0,4.2971706,1.9732139,0.8171231,20998.545,10012.098,3754.8242,6446553.0,3073714.0,1152731.0,8870656.0,-633259.06,-4156532.5,-633259.06,342023.7,575225.94,-4156532.5,575225.94,3223616.8,17.0,249.0,0.0,34.0,257.0,3.0,24.856678,253.23128,0.99674267
74,12,1,0,Cells,0.83,0.17,684.0,-0.30376709,0.95274514,-0.0015158254,0.95274633,0.30376676,-0.0004617606,2.0517195e-05,-0.0015844647,-0.99999875,24429.0,13585.0,8738.0,-0.90583766,0.6499889,0.7094669,9523154.0,649193.9,3637668.2,12958.0,8942.0,1778.0,7.740579,2.539294,0.81646675,20258.559,10644.426,4087.617,13856854.0,7280787.0,2795930.0,9523154.0,-1089963.5,-5024400.0,-1089963.5,649193.9,755662.9,-5024400.0,755662.9,3637668.2,49.0,198.0,0.0,64.0,226.0,3.0,54.694443,211.22223,0.99415207
75,12,2,0,Cells,0.89,0.11,260.0,0.8077695,-0.589496,0.0017275397,0.5894808,0.8077645,0.005380517,0.004567238,0.0033278656,-0.999984,23649.0,13306.0,9208.0,-0.93474597,0.89700586,0.95718586,8144094.0,454034.0,3328102.5,13106.0,8895.0,1554.0,3.6512477,1.9148488,0.8150842,20232.238,10364.331,4040.673,5260382.0,2694726.0,1050575.0,8144094.0,-838065.94,-4736133.5,-838065.94,454034.0,635724.25,-4736133.5,635724.25,3328102.5,35.0,237.0,0.0,48.0,249.0,3.0,41.088463,242.28076,0.97307694
76,13,1,0,Cells,0.93,0.07,452.0,-0.9896174,0.14371255,0.002009745,-0.14371498,-0.9896185,-0.0011158122,-0.0018285246,0.0013930576,-0.9999974,25999.0,12615.0,9562.0,-0.77507585,0.39288497,0.5095986,10776789.0,462553.47,4249646.5,14038.0,8596.0,1784.0,4.8252516,2.5436358,0.8173342,20868.062,10181.925,4556.624,9432364.0,4602230.0,2059594.0,10776789.0,-965764.0,-5502966.0,-965764.0,462553.47,744175.5,-5502966.0,744175.5,4249646.5,18.0,0.0,0.0,37.0,10.0,3.0,27.511063,4.035398,0.99557525
77,13,2,0,Cells,0.92,0.08,828.0,0.9892263,0.14639439,0.00023963065,-0.14639452,0.98922604,0.00068042765,0.0001374381,0.0007081775,-0.99999976,25869.0,12467.0,11328.0,-0.707334,0.3739655,0.60619825,13411488.0,504855.94,6041773.0,13026.0,8558.0,1735.0,7.1666374,3.1470895,0.81564504,20765.887,10211.211,4958.0483,17194154.0,8454883.0,4105264.0,13411488.0,-1176926.4,-8024447.0,-1176926.4,504855.94,943016.1,-8024447.0,943016.1,6041773.0,0.0,7.0,0.0,28.0,20.0,3.0,13.5,13.137681,0.98671496
